[7]
__coloradjust=1.00000000 0 0 0 256 192
param19=25
param22=100
param81=2

[__def_unsaved]
__coloradjust=1.00000000 0 0 0 256 192

