[7]
__coloradjust=1.00000000 0 0 0 256 192
param12=0
param13=4
param14=0
param17=2
param18=7
param19=91
param20=7
param22=100
param25=0
param26=0
param27=1
param3=4
param4=3
param6=4
param81=1
param9=0

[__def_unsaved]
__coloradjust=1.00000000 0 0 0 256 192
param19=25
param81=2

